1000101011000000110111001000010101010100010111001010000101000100111000100000000001110001010001100011011111110011101100
1207289268187469620683457194894249819
100001110110010100001000011101101001101010000000000010010001111111100110001001100010011110001011000111010000010110110110
EF1EBADF92A78A51CE8C922477
10010110001000000001010111101100001000011110011100011110111100101010000111011001
544454752950182628161069698089364085
25086147018774568094066132733302988586
103654215871837624337880656699619862117
164323776178573035234
C5DE09E39D6F9124B7BBEFB272AF03
1016215643759674386048358589840551987
15467323496805292020049769876618
11111111111111111111101101010001100111011011101000110001101000110101011001101010100001000110011010011100111100011010011001000111
2492269349235421052590161
56514051001000925378986974736688
210079872684108820183669850533119072
11111111111111111111110001010111110000110001111011010001111100001111010101001101111011001001001010101101110100100011010101001000
11100100000100011010110000110111100001001011111000101011111110010010000101001011011111000011011101011011101110010001001100000010
10110011010101010010110110001011000000101000111110011010011100001001010001010001011111101110101101000111100110101110110100000010
-86304327708315866994928277149579627955
849424596627611567803676441398249865
-182118568495100493463604242487362
31C7F791C67D67AD4CD7674FA74
766404777729005104242096726691299048
11809228205499847437201080998740493
101100101011010000011100010001111100000011110001110001100100100110011101100100101111110100100111011111011101011110000110
1010100101011001111101011010111010100001011111101010101000101110010011011010101011100110011010101011010111100110010010111
1101001010100110000000101001101001101000101101100100101010011011111101101101001101110000001100011111111000111111000010100000110
101010100100101000110011110100011101000100011001000001110010000100
11111111111111111111111111101011100110010100100000000010010010100111101011101010010111100010110011110110000111100011111000110001
11010011000011101111011011000010100000110111010001011100001
0
0
2F7FE3E36AB7E3DFCE3FF5FB7
B77FCF2DFEBF5AFFC2ED3FFEBDFFFA
4B03B0FA54DE0D1851F1C9918FF
-34259506915031541908686377906150
-22248712075166530227504266166926
14098927569497739026527056
115145133650009576727582509758051509159
-135287606549167519362813928984909744587
101011000101111100011101111101010010000000101010101000001010100110110111110000100001111010010010100001010011
-9466153540221033518337
54D6A6A5FD47BAB88B54BD9F80202
-1407926959933202
11111111111111111111111111111101100001101010000110010000000000011011111000011111011111100101111101011010100110001100111011001111
10010011000011101011011111011010001100000010111101010000100001001001110000101101001101110010111100111111101011010011111000011000
100010101101001001000110000000101000110111111110111100010001101100111001000101100001000110101000010100111
72883623794159930480023029187
18E9EBDD092A4D9BEDAB0B05097
230003392919573614645658
11111111111111111111111011110000000100001111001000000011101111000110110111001111000100001110001100110010010100001101000001101010
6568185252788005733164713514528
-97658601792648113939330430765015211959
1010000001001111100011011010011011010101101011001010011011101001100110000100110000111011000101100111100011011110100100010010
E3AF68E3C71ECEE53D
-113057339246759866961855851771016
-142991036515878
-80301887608755117165436340855
FFFFFFD29EA7BA2A5DB96AF2D714E945
170141183460469231731683113209167968446
D10F320AC0C6883546DF8799E18FC63E
1100101101101011111100011011000110010111001011111111001101010001011111011001111001010010101
874029290822CE8BAA3C0ABCAC75D10
1110000011100010010110010011011111110111111111110101110100111110011111011101111111111010111011100011100111111011011111111101111
FF10D856DB0F9AB1E2E5D92CE6C54B29
F0C3DFE2188D284FBCEC53
134304319427934467779894459974487009348
1011001000110011000101110110101001011010111000111010001001011110110110010010100101000010011101100001000101011111011001
82E6A2A6DF30D541BDFE957491E507
17540F13933008CE88AE7622
-63897512981523153457364655269820
11111111111111111111111111111111111111111111111111111111111111111111111111111111111111111111111111111111111111111111111111111010
5927559261864110123159
0
10001101000111111001101010011110110101110110001011011011111101101001001100001001111100011111000100110011101110101011101100000
177792415669E934ABF2
811235796268908614545810855101942365
-52679197471984528682766605015231658934
-46259981539428222341439813554354958280
0
100011110111001010101000110010100011101110011011001010000011110111011110101011010011000100111010000011011011000100001010
66EFB93A78B8B1B47A74883C5D14FFFA
10000000001000101000000000001000010000100001000000010010000000010000001000000101001100000000111
FFFFFFFFFBDE05F0BD577ABA982B6B5D
10110110110111111111011010011101111100111101010111101111111110111010101111111011111011011111111110101101110001100111011111011011
110801002010052972A6082302
101101000001111100101111001111011001101101001100000011111111001100001100111
7B68C333BE9D07C2CAC3
851546671108730937372771786513824990
7403E21ED427E5FBD33F674FA93C0
FFFFFFFFFFFFFFFFF9DAFE87C326481A
101101001010100000000010101101100011010010000100011000001111
945259011878740881685866256660352977
10101011101001001100001100000101011111011000110011000101010000001011001111001000011110000110101010100000010111101101010001011010
11111111111111111111110101100101110101011011110011100110000100011100101010001010001011001100100000000110101101001010001000100011
11001000001101011001000011100100100101000010110000010000001110110010111001110101011011010000010101110010001110011101001101110110
1000101101011101001101111101110111011110101110110101101111111101011111110110100110101111111110110111101101101110011011011111
FF7A22DAE5DB8964F25E417A10223B7D
-27657360486343688586518884972036626915
