16 2 22B037215517285138801C518DFCEC
16 10 E883F4E12401F3F02CBA3C952B4F5B
16 2 876508769A80091FE626278B1D05B6
10 16 18945041307199288224336403637367
10 2 708946847915651328287193
16 10 68DBB11BB4BD4A7F0286D6D7C22A75
2 10 00010010110111110110101010001010010101001111000101000001100110111100100101001011111011101000100000011100010001001101111100101010
2 10 01001101111110110001001101101001000000001000101001101000110111110110001111000000100001000100100010110011100011001110011001100101
2 10 10001110100001110011010100111100111101001010101001000100011011100010
16 B9B474A520042B4FEE6225 + C5DE09E2E3BB1C7F97B7C462844CDE
16 10 C3B74CAEA318C8D0E398A6EE50F033
16 10 C3399E1FE89E8D18A3F4474C8A
10 2 -94945752613449537398204590348729
10 2492269372675610243184735 + -23440189190594574
10 56514051001042769323047716624726 ^ 116207664003497781350
16 10 2875BCC6CBE7381EDD818DC8C9C460
10 2 -74176401439756444056200741243576
2 1110001001100001001101000111011010001010000000111011010000100111110110101100010010010 - 00011011111011100101001111001000011110110101111000100000001011010110110110000101110001000011111100101001010000100100010110010000
2 10111011100101011100111111010101000010111001101100010010001010011100011011001111111110011010011101010100010001110101101101000111 * 0111000101010111110010000010010000000111110001001101010010101101100011000011110011111101110
2 10 10111111000100100110010000011110101101100110001000001010101111100100011111100010100110011010000000111111101010011011001001001101
16 10 A397DDB30C094340091292AD408989
10 -91059284247550246731802121243681 << 1
10 16 63105068371767627977311516949108
16 10 939AAC44817209F6675EAEAE783EE8
2 10 0000100100011000111101011010100100110011001101110010010111101011001010100010000110001110101011000101001100001000001101
16 2 B2B41C47C0F1C6499D92FD277DD786
2 00001111111101111101111000110000101100100010110000001110001000101001100111011010001110111111110111110000010001111010010111000110 ^ 1110101001010110110111011011111011110110111011110011011101101100010101000001011011100011000100100101001011000110100101010001
2 1000001010101100100000001000111001101101001011101101110110111100011111000011100 + 01101001010100110000000101001101001101000101101011100011111101111011101100100010100000011000000110010000010000010100011011101010
10 2 49082708443894389892
2 001011000111101101001011010010000000010101110010100000000111000011 - 10100011001101011011111111101101101100011011100000010110011101111001100011111101010111100001110010010
16 2 69877B6141BA2E1
10 792274791023557497910848303755 / -66533727505066272124709593080942
16 756330097155CFC5DE088C36AA50A / 59437598704BD30E229B291D194E3E
16 137E3616AA2E19B4E2FC5BA6 | 2E4EC3A22A954344CC1A74E91
16 94044E2D64BD52BF422935CE35E7D8 | 337FC70DDA970861C2CC0B78989AA2
10 16 95092073547211027533615517473023
10 616033269074703289 - 34259506915032157941955452609439
10 ~ 22248712075166530227504266166925
16 10 BA990652092764D6C7350
10 -4146256647942562288831460883355 * -23834115431360230510005568853733
2 10 10011010001110001000111000000011101110000001001010011100110111010111010010010110110111011110101001110101010001110111011000110101
16 2 AC5F1DF5202AA0A9B7C21E92853
10 -82951579400820336338286115599721 | -66287038714561555012865
16 A9AD4D4BFA8F757116A97B3F00404E >> 5
10 -33826990476874873379434366742 | -8192223553345300
10 2 -196018179116854733432271876401
2 00001011100100111110001001110111011011001000100011000011000110000100001000110010110011010100100101101110 * 01111111011110100000011111001000100010111111011110100011000100111101001101110111000011100111100101110000010101010100
10 2 21997125831804856901605708222631
16 10 EB7FEBAACFEDA66E210FC5C3
10 16 31581936784166217854989468979351
16 10 0030B4824832263485519A
10 2 -21544815866031411667979446726550
10 87705251307631860296437826729978 & 58304490067223083546280423609893
2 10 10110110100001111010001100101111110010111011010100100000011001000100110001111100111101000000100010000011111111000110000001001001
2 00010100000010011111000110110100110110101011010110010100110111010011001100001001100001110110001011001111000110111101001000100101 >> 7
10 16 4200050507530638386493
10 -85676255513644585424872156999533 - 27381083733115281536983694771483
10 -59018577789994262701946790733447 / 412743198651060561
10 -26707161447777687532962658262903 | 77669603890450246671165136622976
10 16 -03595394074350828753815077590715
10 -8381013432274564 >> 1
2 16 11010001000011110011001000001010110000001100011010001000001101010100011011011111100001111001100111100001100011111100011000111110
2 11001011011010111111000110110001100101110010111111110011010100010111110110011110010100101010 >> 4
16 874029290822CE8BAA3C0ABCAC75D1 << 4
2 01110000011100010010110010001010111100011001111110101110000101010001111011101010111011010111011100011100000010001010101111001011 | 010011101110110111001100000110100011100011000000100111100110000011000100000000111111010011111000100111
16 8490926F879374CBB4125B - EF27A92574F5E08CA1BA47E4EEC732
2 16 1111000011000011110111111110001000011000100011010010100001001111101111001110110001010011
2 10 01100101000010100001001000101111111110111111010001010100000101010111011001001001000111001111010100101110010001100110100001000100
16 2 2C8CC5DA96B8E897B64A509D8457D9
16 5B63E5660351A6E1430A593A516CF7 ^ D98547C0DC6173A0FEF4CC4EC089F0
10 16 7219776191329932682111907362
10 -196980171120395369546684154172 & -63877628550439047807601958021051
2 10010000001011001001100110100010111101011001001001101000010101111011110001111000000001001001000001000100110000101111110011100101 / 00010001011000001101000101010000011100000010110111011100011110110010110110010011111111010101101001100111010001101010011100111010
10 ~ -5927559261864110123160
10 -2138868229311167 / -82786657132167320108434
2 1101111110011101110010001000000100011111101010010111110110001001101100011010010101000110001000010110101111010000010011111001000 ^ 01111110011011010001011100010011010101010011100011100101101110100000101010110011100111010010111010010011100111110111000010101000
2 16 10111011101111001001001000001010101100110100111101001001101001010101111110010
16 10 9C3D034602A8B39A8CBDA67A3F4A5D
10 -26977707303617642519932020704153 * 3713597479304821619425209126
10 -28851180694902015597598516389144 * -680244778176993101
2 001111110000011100001001010000000011110101010010111101111100100110100110111110010101010001011001111 / 11011011111001100110101101001011000011100010110000101111101111111000000011111011101011110000111001001000011101011001110110110011
16 2 8F72A8CA3B9B283DDEAD313A0DB10A
2 16 01100110111011111011100100111010011110001011100010110001101101000111101001110100100010000011110001011101000101001111111111111010
2 0010010011001000101010000001001100010100100001100001010011101001011100101000001111001101011000111 & 11011010011111100011111100110100110000100011001111001000110001001011000100001000100110010010000010010011010100101001110100100111
16 1196EF5741007CC0AC96F - 423137E381C954D33DF5E12
2 10010100110111001011010000001101011100111101010010001110110110110000101011100011011010011100000010101001110001100101011111011010 | 10100010010010111101001010011000110000001000000101100001001000111010100111111011100011011011111100000100000000000111001100011001
16 093090BABB1FE572F72A6A9B7CF & C4D3393E410066102D697ABE0E6B32
16 2 5A0F979ECDA607F9867
2 16 1111011011010001100001100110011101111101001110100000111110000101100101011000011
16 10 A4007E0B81362EC0A63B8202B5BCDE
16 AC898228226F2D24C88010083D0F9A - A5494406352CAEC50B4C1993427BDA
10 16 -442761754294466534
16 2 0B4A802B6348460F
16 10 B60CDE139320654E19DD797B4ECFD1
2 10100100111000101010010000100011010101101111001010100001101010100000010001010011101111011110001111011111011100100001001110010110 ^ 01111010001100110011100100110001010110111111001100100111010101011011110011011110001011000100101111111001011001100011111001100
10 2 -52779035725395798888919065124317
2 11000101011000011011001100001010011010001100010101011010011111000111100011001100011101001010111011000100000110011111000100001000 + 00000010110100111101110111011010001010110110011010110101101111101011010110101000111110000101011010101110000111111110001001101110
2 00001000101101011101001101111101110111011100101000000101100001011001011011110010000110100111011100110011101101101110010011010110 | 001001101111100110110000110000110110101001110101100001101100100100000101110111110010101100101101110001011001111
16 0032E3BA8BBD21D1D3148F15B1A469 - 861008D4B033BCDF74D315058F68EC
2 10 11101011001100010110001011011001001000011010101001010011000000110101100011011100010011110001001101011010100011111110011000011101
