86854972.69019520117452062056807
-11011.100111110011110001001010000110000011101010011110100001110110011000100000011011101000000110110110111101101101
3219235228.496953603170151025858
1111100110111.00110010100011111001110000100010001100011111101110101110001111000100100111000001001010010100111101
-10.010001100010100010011111010110001010101100100101101010110010111000000111001101011011111000110001010101111111111
-1.400464768881964657064352114161
1000100.000010010000110011110101111011110000011111000110000001000111010100001110000110101100001110101011110011101
-26766.4223135317766641603686071
-121153.0731238355491074803081374
100010111011000.0000001101000001001110010101110101111110101001011110100001111010100111101111101110001011110100111
0.0000000001110000000101111010100101111110111010001011001101111110110101010100001010110000011101110011010101000000011000001
7245198179648.436710166559339783
0.016072138000745095224836645022
-0.636404839383578563970882956585
30229.80353061722040987378356155
2115.229227154112326993000425812
-110010111.01011101101111011010010110110111010111101111000010100101111110110111010100100110010100010000010010110101
1677412.335127947137271596142782
0.336300995733822640183544112368
-10101000.000101010101110001001000010011001100000010011111111110001111010111011110111010010100010001011111110001111
1011.0111101111010100100101110111011011001111100101000000111111100001110100010110110011110101011010101111001011
1.101100000011100000110000000001101001011000000010101101100010010000011110111000101110110101110011011100111001001
110011011101111001011010101011100.11010111000110001011100100110100011010011001010000011000010100000101100011011101
111.10111011110100000001001110010101101011101111111000001110000000000100001000000101100011100111100111101000000101
-100.10001101000001100001111011111111101010011011000001100010100010000110011111101010111110100000101101000011011011
6918832.525204988857232107156999
1.11001111101100100111111101001010011011111111101000010000001011011111011011101011111010001110101010100001010001
-16426714183910060.6591782374508
80.80097133869456452018645320343
1011110.1100100101100000000010101001111111011010010101100101000111101010000110011111010011000001100111001100100001
37298.7588926621465766761
-88461042694295933536457908.07293
0.00011101001011010100101011011010110101100111101011000110101001011100111010001100011100100001100001101000110011011101
0.667518446075748902402218408218
-22.82704604968324321610969855233
-1.28968370899133779700002791307
-101.00101011100000011000001000100010000110111111111100110011101010010011000110001100010110101101100010100110101001
2.902104847693277616864590234481
-0.000000070442801199394190754456
-1000.01010011011001110110101001101000100001111101110011011101110001101011101101010001000100111010011100110010001
-11001100111001.001010001001001110111100100010010110010100000100000100110011000010000100100001100111100111101000101
3350098295.62411449611747953811
-110011.01101100101100000000010011110000110111001110101111111111101000001001001110100110110101110110011111011111
-14246.93001844760092403108740448
-0.000000008041097651712767482159
-206.2571379074118642029609057341
2.649155478969171059920658245435
-11011.000010100001011101001101011000011010001000011110010010100011111111001000100000111101101101111111011011011001
-100.0111110011111100111011001000010010011100001000001101011100110101101111010111000011010100011110010000001100111
15.87129295189012225905667455238
-23.91213252010519960612782539323
-12.08906389029099715736871280746
864537020.644870093242343084369
-47003.38587948989316798260673223
0.100101110010011001001100001110001101110001001111110010110011100010000001101001010000000101111010100100001000011
100000011.011110110001110001111000101011111100011101111101011111000100111001110011001110000111110011111010010011
49420533.21416864432967372592865
-30.37821691249047399922251619667
-0.01011101011100100111001011100111000001101000010011111000101001000101010100100000000001111101000001001110011100001
-11.01000110010001000100011101101101000111001110111110001000111101110011101111110000100100001001101110101011
1.017171387640070874123027121814
10111101111110111010111.01001001001000011001111111111101110111101011011111110100110110110011101101001111011010111
0.010011110101001111101000101001011100001100001101100001001001010011111101110110001111010110000100010111010011010011
11101.11010011101010100000000100000000011101000010111011010001111100000111000011010101011111101001101010100001
-111001111101000101000.10000110010011100000110111101011110010001111011100111110111010000010010001000001111100111001
-8263209313352.977615686281311925
4.778377023968792820245912840619
-10100100100011000.10101010000100111101101110101001001000000010111011010010100001101001110011100101000110010011111
-2.646061235663190069769766664512
0.1010000011001010011000100011111011000111110101111111100011110100111000010000010101000000011100011111010001110111
0.000000251911626820697749258026
7651.184114826110969341183556286
1001111101001.1110001011000011011110010101111000111001000011101011110001100010010010101001000011110011101100001111
-5741.49284851529706622757311804
-11111010.11011111111100101100111100111001001101111000001011000000111100100000011111010110101100001110110111110011
-715.7093989842406691994725560681
-1101110010111000.0100010001010000001111000010100110110110101010110110111011000000011111111111011100010100000010011
-1001.100011011000100101100000111010000001000110100100010111111100001001010111010111000111101111111111101101001111
-1000000111011.111101001011110110001110011001000000101010100111110000101011001110100011100001000110010110001110101
9.216896727840122555164286427243
0.459277078534605737486085152631
-0.160017769651560588739901746192
1011100.11111100001001001000001010010010010011001110110110111011011111111011110011011000110011101111011100010001
0.182749374780872640209434219771
1010011.01010111110000000100111111111100110000001111011011011000100001100100100000100110101101100100000101111101
1.872719426858799382317026357622
-16536.2967675987493668144712
-0.000000000081203586751114403097
11001000.101001010010000101100110111010000010000111010110010011011110100000001101000000001101001001000010100001111
1.602449228277530794268044695799
20.38428768128942361201548610374
41894.74785523913945213787475353
-0.055812396004925159345358183287
-3777.5295891620593959047318
-1010011010010101100111101101011110011110000.1011000011100110010000001001100101010000100001010110001011000001001101
-10000110001100110.111001111011010010100000110000100100100000000101101101101010011001001000101010001101101100110101
101110111101.0101010111101001000011111100111001110110111010110110111100001100110111001001011010011010110010000001
-1.0110011001001100010101010110011011100101111000100111000000110000000011101111101000001101100111001110010000101111
0.0011000010011101010110001010101110000101011011011111111111001101000111010111111110011100000111101101101010111101
3.135755667839148051290014407311
1110100.0000111011100001100001100011111100000100110000101000111111001011100011010001100000011111000100101101110101
0.11111000010101001100000110110110001001101000110010100111011111011100000011
-0.00000000000000010000100110111100011101110110010111011010010110110111101010111011100111011100110111100111110110010011011011011001
-73661553523.32451511415513265435
101111001.1110110100011100111011011001101000000111010011010010110110110010000001101011100010110001111000100110011
-111110010111.0100011011111100111010111111010001011111111111111001001000101011110010110001110011101001000010001001
-1010001.000101011011001011110110000110000100111011110100101000111001111011101000101110111110100010001000110000111
1.277614621214821994970139716575
-2.027982055221883566103697349454
-101.0000001110110011000011011011101010000100110111100011010100001011000010110011
-10001000010.111000000111000000101000011101001000001000100010101111110101100011010100000010001001000100011010001111
1011.0110010001010010110110110001100110010011101000111100111111000110010101001010111101010101011000110111110110111
100001111.10101011010001010100011100000110111100111110110010010010100111100001111000000010010100000000000011000001
1001.10001110010100010101011110001010000010000011110100010001100011100011110001101111100101100101001101010010111
-0.008043795739481629211841207317
-0.798318303761570995939336537209
100101111101001.01101110100110110010111011101010100100110110001111110010110010011001101010010111111101101000110101
2.559868069689711769648669891564
-11.10010000011101111110001100011011101111000111101100010001110110010001111001110011010101000000000000100111001111
29446749142440.789610271403424
-443.7111284164157591837877661388
71374.66336736636888354881752295
-11111110111.001111110011111101110100011100011010100011100100111001111111011010010101111011011011111011100111100011
-2.346871587368705958120441990022
10100.11100001110010001011010110000110101001011000101000001010000100101011100000011111010001101000000001001001
101100010.10011010101001011111110111011100010001001100101101000000011010110001010001001110000000110110100001101001
-0.00000019258222832261969357518
-151431.0051765174593088573577045
236.3605549865377787711394150831
-1.0001101011000110001010110110010111101101101110001111101101100101010010111010110010110000111011001100001111001111
-0.150718585915556946433308389273
-96911.4026482921271760659124418
-1.964475684137169031059784311509
1111100011011.1111100010000100110100111001001011010001010110100101001100100101010101110011001010111001010111011
-101011.00000110111000111010111001100001001011110010010000001101101001111101100101100000111111000100111011000110111
-30918.01414141791810595092782178
0.11101010100000111111001000000111001000101110111000101011011111000010101010101001010111111101010101110100101001111
-1.23939405024995114081644176941
4.911321655076398798191403443335
1.0110101110011000100110101111001000000101001010101111110011101111011001101111111110001110100111001000111110101
10011001101000000100111001111001111110001111100001110.0110110101001100101110001001001111000110011110000001111101
-111.11110101011011001000011111010100100100101010110000100000110101101000010011000110110010011010111101011111011011
110111110.0011010011010001100110011100011110111011001010000111110101011010111110110110111101101111010011100101001
121.6652552043573762022844468993
-101100010100010110111101.00000001000001001101101011101010001000010100110010011101010001111001001111111101000110111
-97466423943476472026.7209298356
3.194205753924455642490615005992
-6.944872964809350454147751895521
101.11110101100000111000101000001000001000011100101000011010111010101001111001001011011100111110011001010110011011
111.1111011011101000010001100010011110100010110101101110111100000110100111010001010111111100001010001000111101001
1100.000110001001001011010001001110101000100100101011000110011100001110001000001010011001010000000011000001001101
-1000011111100.1101110100011010001100011110111100111011010001100011100100000101111100000010111101001001110010101011
0.1010010111001101000001111110100111111010100100011001111110110111000100110111101101010001110100111010010011101111
-11010110101001000101010.010100110001101001010001001101110001001100011001010111001110101010100111111010000111010011
-110101010000.01100111011111001101110001010110110010011100011010101010100011010111111101011010010000010010100100111
-313.993947607478584042170664717
1.0000101101110000111101100111100101000101100101000000111000010010001110110110101101011001000000010011001111001101
58.62460852804640309581444835913
7.727257336774779376411691942086
940634.6490245220144008659620251
100.1011000010111100100100011000011110101110001001001001110001001101011000011000011100110010111111001010010010101
10000.100000100001100011001101111011111010000011101011100100101001111111110110100111000011111011111110000010110111
-0.00100001111110011111010011100111000110110110100001001100011000000010000010100100001010001110001000110001011101111
-0.001525594781499380852429638503
1100111011.1110011111000001100101011101001101010100000111101111100000011100001010011011011110010010001111101010001
-0.182371465183003901187013819712
-1.100100010110100010001010111100000010111101010110001000101111011101011100100001111001001100010001010110011011
-111.11110000100101001111001110011110101101001101001010111011011000111011000011001000101000111011000000011101
-144.8227724020492852819406992548
11100.011001001000010110101010100110100011101010101110001111010100011101001011011001011010101000100000101111001
12.75995885119778276159650219937
-10011000001001011011.010001111111111010000010101000101010010001100011011010101111001011011001010100000011011101
-1.131212331226346595821609215837
-1.277475269974525481334663425805
-0.34340904579691018363627674462
-10001.11000101100110010001100010001110010101000111000111011101001010011110000010111101000010000001111101000101
0.000000000000000000014735881817
5306164693546.600009163058929566
10000010110111111011101110.001100010001111101100100011100100000001011010110011100010101110010001111111100001010101
-10010000010010111010.100110111000110001011100011100001100101011111111010011101001000010100011010110001100111011111
-1000.1111111000100010001100101001111011001110101000010111111011110011110000110111100010001000011011010000010001101
-1011.0000001101100110010001111010111011101110101011000001110110000111101100111101001100111100011001110000011110001
832092875315.9254811013444273178
-1334780.99173618814592188287323
0.35990176816750216846047201538
0.606944407329233992907721618529
111000010100.1100000000000101010100000110011010011010100110010000010011010000000011000001001010111101101111010101
1111010100000111100011110001101001000110111000100111010010100111001010110000111100.0
1000101101101101011101.0111110001100001010011010000010111110001001010111110100110000101011011011110100100110111101
1100001111000.111000010010111010100000010010111100111100011100000111101011001101000111001100010000100000110101101
100100101.0011110101011001001001101110111110000000001011101111011011010010100001000111101001110110000101101001001
0.001147039320144106805144686549
5124.815844931987338034255288511
-0.110111111100101111001011000110010011011110101000010100000001101110000111010101001010001111000011000100010101111
1.532049170344222493149376111833
10.111100010011100110011111111101111111011010111111110101010101011111011100101001011011101110100000111001001100101
1101.0010011100100001010110100101110100001000100010001111110101100111111001000011110100101011110011001001000011
111011100101011001010111110010010111000111010000
710734.1514962186474167459839787
-2058.440235779940349720236649084
-101101000111110110111010110.00111110110111100000000100010111011000100000000111010110111111011001000100001100101001
101.000101011110110000000000100110110001101001101001110110000101101011001100110000111000110001001011110010101101
-1.749910961781083528602899948036
-858475.3404985704492565487754561
14817142.425067013594
-1010111.0010011100111001110111001100110011010001101111111000000111011110101001100010111111100100011110111011101
206736730.6811531409553790327851
110100.01001011100001101001001000100010010000001111011111001001110101111011000000001010101110111101010101100110101
-2.41346174309499887024722020915
-8138400768.592006320326238726868
1.1100000001100100101111011111111111011011100001110110011011100010011111100000101111011011101111100110100010001
-1011110011.111011010110001111001111000100101001101101100000011111010011101101110110010100011111010011000100101011
100010.1101110111001111000100100001001111001111100000000000000011011110100111001101111100100000011111001100111111
-1110001010.0100000001100001011101010010000111100111110110101100001011101010111100111110101110100111011000110011
4258160.893781980353002700570887
110000001000000010110001.01110011101101100111010010000111000100001111011100001011100000111001101101011000010010011
-1000010100011.111001000001101110001011001010111011001110000000001000110000010010011110001001001100111001011101101
-3399978672.143308789723641862972
-1100001110001111.1001101111111000100110001011100101101011111100011100110100000010000100101000101010110100111110011
2160009.497476496332661402566266
2.790951512722206718091316474654
-110.11110101111110011110100010010000001111101001111110010001101101000010000100100111110110110001110011011010100001
-672131.9928332444755419334364972
-1011.010100010101101100110110000000110111001001010011100000001111101110111000010101010101111011001111100001001011
10.00111110010110001010110010011100001100010001110001110110100111000110110111100001001100111010111011101001110101
1010111.1100001010100001110111100011100000100010000111000011000001100110100001010100111111110111010011101001110011
-114.0090158433314537347789313867
1.1111111011010110110011010100000011101101001010101101101000000001000100001100100010011101001110010001100000000111
-12.32952194225959111947172610561
217.1641249916525193584958370246
-1100010.10100001101011100001111011011011011010110111111110110101010100100001100100001011101110111000110101001001
0.452573287722481237871042812478
-32.98098745284327683748701213785
1.068122161818611749629354065401
11100100101000110.1111100011101110100001111010010110011101100110110111110000110010110000010000101000101010000101
-10.000111101010001010111101001111000010011011110111110111010110111010111010010001011101010000110101001001111111011
3614.918856000500969329736464436
-1.0000000100010011010000110100001110000011010010111001011110100011100110101010100110011010110100010001010111100101
0.107265829734438694209020914816
-110010111.01111100111111001001010110011111111011001001111000000111100110111100100000011001100001010101001110100111
1100100011011100001100000100101111.11011111011101101111101000011101011111100111000000100100010000010000100111101
0.000000000000001011001000101111000111011111111111011101100001011001000011010000110110000000001001010101000001100111100001110011
0.993002079731969986928694182256
-760916983882.9712330131132502429
-10011001110.000101000001111011001001111001010101110010010101011000100001011100110001111011011001100001101100000111
-744.4421755699017537095061827139
143.6821147741377041201802922473
11.010010100100010100011110010010000000111010000100100101010100100010100100100111111101101010101111011001010100101
-1.271487483480347203536173289121
11000001.01111010000101111101011101110000000001111010110001011100011100010000000011111100001101110101111111010011
-11001.00100011000100101100010110100110010010110110011011011111101111011111010100111110011100101010000110000010011
-110010.1101110110010111110010110111111010011110010001011010111111111000001001101011000011000010001011011101100001
-1.667216790787698497829777555148
-11.100001000111010110000101001100001001100010000010010000100100010001100111100100111110100111010011100000000010011
-100011.1001000010000001011000000101001111001111011011111111100110101001001111000111100010100111010110100011110111
-1000000101101.0011000000011100000100010110010110100000111010110001001010100000100110000111010000011110110110100111
-0.000008544390402867576437251978
-111111001010101010.00010111111101110100111110111111110111011011010011111101001000000110110011101101000100010100011
-22.48415022394739367938794856266
-0.010001011111110111100111110111010010010111111001001100100001101011000001101001100011011111000110001100110011001101
1917.895005353724448881462957904
0.11101000010010010110100111010000010000010001001000000011110010001011100100111111001011010000111100001100011001001
0.00000000000000000000001101100111111011110011000110001101110010010001001110001100101111001011001001001101010000000010001110110100101
1671491984436.962714409328314038
31.05544074724859786566476470146
1011000.11011010111110110110111100000111001100011110110000100000000010100000101110100100010100001101101000111001
-9546219.086482523378443490007233
-1101000010110111.000011010100001100010001001111000100010100010011101111000001000011001010100101001111101111101101
1.813053266046290200262552011262
-10010.0010010011000100111101010010110000101100011101000111110001111101000010011100110000101011011000001101001111
-0.000927108687193549537490175765
10101011.01001111111001100110101000011000010100111010010011111101100001110101000100001100010000100110010101011111
-19099.36278580084433590751899435
10000100.001111110001110000110011001101001101001001010011100001110110010011101111001001010110001101010111000101011
3.026163851005489499529894658739
362.9756799668875096843012862314
-1100011011.0110111000111001000000111110111101101111010000011100000000101010110001101011000111111110100010100101101
111.011010101110110100011000010101011101100100111001110000010010111110111011101100001100101001001111001000000011
78.05373511900599783721904399433
-0.004737553012290896074197537584
-110111100111000100000001111110100.11000010111010111010111010100110001100001010001011111000100111001011101101011
-11.011000001100101010110110010001100010001011111110000111000011110101110001010111000001001101111101011011100011
4936048862319342775.563900680782
-1.482751562179911293903454096994
-10.110010010100111111110110111100100101110001010111110111011101001111010011100010010000100111100000100000101001011
-8106.852534154307497694991385402
-100100001110100110001010001110011.01100111101010011110011001000100011101110101000000111110000011101110110001010111
1010110110010.000010000000010101100110110100111111001001001010110010101111111011001011110101000010000110010100111
1111001101101.0111000111101110000111000101000000100111000110100011010001000001100011111001111111001011001111
11.000111111010110010110000011010101111111110011101011010100111101110011101010001000000111100100101011100010111001
3.965815012430359593774952635984
-45.69238464445509516433632440509
-10001111111110100111100111111111101101100.000100000011111100111001000100000110011110011001000111110001110100111111
-5928.63853892563406951230288975
41.67098067843878022878857126036
677266493505.111250471392836
98.62692404524513031969061798822
11011011001010001000110001100100.101000111101110100111111100001100111100011000111000000000001101000001110001010011
11110000110110010010.000101100001101001000110111100011101111101010110100110001001000100001011010001101011110101011
200624.7544255772367677596208947
11.10253391479172463819517532186
-1110010111.1000101110111001101010010110000011100000011110011000000011100010011111001000100011101110010101001110011
111000101.011000001100000010001111010000010000010101100001010101100001101000010011101110010001111011111100110111
24458.40529144941165869619672636
0.140251420526431545933779537066
-111010110101101101011000001011.00100010011111101001001111110010110111001111010111000101100111101000011001111101001
111.000001011010110111100100001111110101001011100010010010101110101100101100110101001010100011000101110101001001
-0.837394416946243412840747595154
-101110.11000110001011011101101100100001111101010001011110001100100111010001010011000000001001101110110111111001111
-11101.110101011000111110010101011110000100010101011001001010100011110111001110010100110010100110100001100101110101
-111101110010.101111100001110011010001000001101010100110000011010010100001110101001100100101110000100101001111111
-0.009097292195303043610338838119
1.093573066351725865164488084003
0.791538375071017624293501703008
-1010101.0001001100101101110000010101100000100000101010011010001101111111101010110110110000111111011011001111000001
101110011100010101011101101010011000.11010100011110010110011100111000111001000101110110001001100011001110001110111
-1.657696017894874227194066644566
-0.010101000100000110010100111010001100100101110000011101000011100001010001011101010100011001110100101110000011110011
518248.6690541442929960894974853
-100101001001000111110000100010111.1110001001101101100110100010001111010110010110110011001010100101100110111011101
-4774671493339972197970.081270149
102729.8089880422996021614503649
-2.235339561304613486504959231671
11010110.100011001110001001011100101000001001110111010000001101110101000101000000100100000100000010001010000010001
1000101011000101110.00010100111000001011001101001100000111010001101010000111110111100011111010100011000010010111
1100110101111111000010010110110100100110.11100101100111011110101001101111011110110101010110101011011111111101111
1110000011101.1010101001110101001101111111111110000111010101010110010000111101110110100100110001101101010000001011
-110001.00010101001001000010100000101010110010111001000111001010011010010000001100000001011110100100001011000000001
1011011110000.1101111111110100000100100100010110111100000000001110101011100011011000000111000010101110000011001011
0.10010011010110100011000111011000100101000110110101110101010010101101110110001101111101000001110111100000111011101
-197.088373879477543232754637531
-110010.0000110110010010011001100100010000100011111111101111101011110110010000100100010101010110101110101010101011
1101110110.0111011001111001000100000010111010101111101110111101011100110000101101110110001000010001110010001011001
-0.096224209901944748606517886802
-110010.01100001011011100011011010000100011110000001100010011001111100001100110100000001010010010010110100011001001
-1.001110010010101010001111000011101011000011010011111011100111101100010101110110011110100100001110110010100110111
-11100001.10010000011000111111011010110001111010011010011000111100010001111000001000000111111100001100101110100001
-0.000005300642387271256964314698
-10001111010111000001.00101001111101110100011011100101011101100011010101001100011111111000110011001001011101111
28960.92693939981602263428489809
-100010111100001111111001110110101101001100101010000000000.11010010001000101001101101011000100100100000111010011111
246.2588430217824017635874727532
-111.001011010101100001011001100101101100001001111001001101011010010011101
-101.10101110111100001100011011010100010100110100010110011110001010101000010001010110110111111010100100110100011101
-1111010001000.010011001001111010000010100101100101110010000111110101011001011100101111110001010100001011100001001
6285225460.21661947790057108256
-11011010000100110001.110010010110110011011011001011100011000000110010010101100111100000110100011111111001101110001
-101.1011111010111011101000110101101101110000100101001011100001111010100111011011000001101011101010110111101011111
1.10011001101000010011001011011101010010101100101000000111011110010101101011101111000001000100111110011111010001
6.543610666344079888832514500357
706512444213.7925177590419590105
0.81419460892751400770198957729
9719.329626222136664711430032831
11.01110100011100111110011111010010100000011000010111100010111010001000000110101010100101100111100000010001111001
383.6821096896188485577597516106
-0.000940414957301755834967717629
18385.24708055169015311330005659
-1001.0101111101111001100100010110111000011000101000001010011110011011110011010001101001010101000010110110011001001
-1100101001.010111100111101010110101101100110011101110111111011110000100100111000100101000100010000101100101001
11.466386486190024832968612318
-6859958047.850258103603919269261
-11000110001011111111011000.00011101100011110011011111101101010100010111011010010011101001011011000010010000000101
-1110001100110001.001001010001001100001110010000110110000111010001000011101011001100110001010100110010010000100011
46556027.42616418803492773163838
-3.127248168134373220507050672464
-0.000037259420652614078214973998
-10010.011001001000110000010111001011111101111101001111101111001100100001100010010101100011000110010010010000001101
-32.13058530137239570741153769429
14444.29434796155045179344038475
-4.359437799466492030469273036052
-100111001010110010001001111.1010000000111100110000000101000101001110101000100001000100000011111001001110000011101
1.17788517666663505560654346308
1.374926277329885296665801242
-1.491711316729720675603161827193
1593.670702041345317323761661523
11101000100010101101.000001100110110100100000100100010000000000100110001101100110000010100110101000011111000111011
-11.000100001000010101010110101010010000001001101010101011001011011010100111010101010010110011000101100000101010111
-0.945097292441735324302473685561
0.000545535385155999106734108504
-100.01001101110000100011100101101101001101110000001010011010110110000010011111001110100011111101100110001101001001
-957.1790104495526335613833418189
1010011101.1010000000110101011010010000010010011001110010011011110110100101110000111101000100100111001000000011111
11.21478493474274498783706202585
-0.111000100011111111011011000101111010010010010110011100001011110000110111001100011110001111000101000010010000011
49.8568560297744863205954299854
0.10010000011011100011000101011010001011111000011101010101111100111111010010000011100101000100110100010000010001
4500614967259151.478756534777168
0.010000111110010111000000011011101100011010000111110101001001110000010111000111101001010000011010111111100100111011
1.650102069470679336266254451775
4.757467474107722369088638731663
-12.66997310532227414929293647264
-330975206.8385921409952763279438
10000.010010111111111000110001101101110001100010010000100001011101011001111111100101110101110111110000110000011111
1.330773091449592153922604013744
-110001101.10011101101011000001000010001101011110101111010110010010001100110001100100010110011101111111001011011101
-10.0011011010011101111000000101100110011100110000001100010110000001101110100110010011100001010010000100011111
1.278192835981954254329156254544
1.459434255933321618653828646238
-0.01010011101000011111010000001110100101100101100101111110111011100011011100010110010110000010011101100010000001
0.110010001001100101011001101100011110100101000000000001001010001001010011101101011101010110101000001101100101001
-0.000000647135548201717095733946
2.13503615423109014363942637298
7702771868879.011888755313501174
-31.55777340830429009293683919542
3683.836503265714829879145332238
-110.01000011001110100010101100001111001011110011001111011110101010100000111100000000000110101011110001000001110101
10.100111111100111011110101010100110100000011000010111111110011001011101011010011100000110101100000001001010011
0.721150272353279338092338211124
111100111000.11001001110101011100100010111100111110100011011110101000101000100000011101010111000111011100101010111
45.66531050511330257273318636044
-382.9185691034004430684526589569
10.01011011010000100000011101100100011100101001100101010100110000101110010111010110010001111000110111111001011
-0.000000610994535240901912465001
0.504259439611005008203488650023
-3125298.646580191850584367679063
-3.146569609495888326904451717825
-0.172235369779450522530189674487
-2.95533958366044236754156747642
1101001011001000.00101001100111100110110010110010010000100000101010010101001111101011000101110001101111000000101
-145.2660597492779647795575545268
-8535435203.216390613122392713579
-395492416958551.3300234167800052
-9.801527408712676480134869193535
1001010000.0011100001110111101110010000111101110110110100111111001101111000111010011000001010110111010000110011
-2.303791416867001487446593280441
-0.000000003054525543202004010603
1010100.1100000000111000101111110001000011100111001110001001011101001010100101100001000100000000001011110000111101
-3.008373716585644671005055623091
1110101011100.100110001010011010100010111010010000011101001001111000100011111100111011010011101111001111100011111
615.9507237643633661016305321245
1822.493499276558330695331937431
397.9021172706420838369523194685
-228.545449046285124278243827689
1011.000011111010100001011011101111000000001101011111110001000110011111101000011000110011010111100000000011010011
-11010110.01001000010100100011110010101111011011100111010001101110101100111111111100001011011000000111000001010101
2.384848084822973462079206635637
5135.210145934565567642159536139
0.010010010110010010000000110101111111010100111010111001111010101111111000100000000110110110110111101011011010110101
101001.10001010010111011101001111111010110101111110000111001111010110010001100010011010101010110110000010010011011
0.001101110000111010011000110101101000100010010100000110110110111011101000110000001011100000111011010000011010111101
-10110001000101000.01001110001000001010011010001101100101000110110101110101001100000010100111011101
9557571540.221030824998573635954
-0.608084827630232648676760075862
-35106232936.54189638434073499946
-2.224663604269578359511842086116
101.0010001001100110001010101011001101010101110100010110010000100110111100100101110000011111011110001100011110111
-1.11110001100110000001010010100000010011001100010000100110100100111100110011110000001101011100111100111010111111
-110001.011010110010010110100100000110111111010100101110000111110000111010001110010000000101010000110011101111101
-1063.744869548151675578886144907
397211804303162.6419762770701797
11011010.101100001000100100000000011110001000001001000101011111010001010001110101000111111101001011011000000001
-1111100010100011.010011101101101100111001010000000001000011111000011110110100110010000011001100001000101000111011
3.988352471068884891866637528589
-1011101001100010111.0110100100011010111111100011110110000010101011000001011011110101101000001110011100011000001011
-110001010010.11110010110111110111111001100010001110011001011001011010101010010000011100110000110110111000100011111
11010000.0110101100111000110110011101110101100000011101000000010100101110100111101101110010011001011011100110101
3402.864827429257507747325490961
-850.8823962645950568087892954497
0.10011101010100110111110010000001101010111011010010110001000111010011011110110101100110100111000010001000100101
101100000001111011011110001110011110100.0110110110010101110011001001011011010011110000101011011110110000010101011
-0.406614463174775020619519111316
216.3462304268659058664116166866
-101011100100.100010111011111001111111010110010000000100111001100001101111011100110110010001100000101001110101
-1000011110010011.101110010101100011101110111011111110111011010000111001110100100011101111111001110111100111100111
-10000010.110001001000010000000111000001000011001100100111101011010100110111111000010111101111010101110110100000011
-4.348881237148384403254109534578
23950.62244289795081337916654298
-4498.7384288803325716
6359106354032.687553939065434502
10010.100000111011100001111110000111000110110010010001101110101111001100111100100110010011101011011000001100110011
-505.5807138349344963693592941368
5.286579424223300828823659225636
11111.011110110101011011001111110100010110110010111110111011110101111100110001010100011111111110110111000000000011
2.369640283678548976120870436748
-59.01449476612587147822892828487
0.814255218308665370617939535069
116855.581349265683842412675244
-1101111.110111101011010011111101101010011100110110001011011110000010100110001110100101100001100011111001101111111
-2.862993771049873508328237337039
-20.50639673469475817465905442827
-1010.0011000001101111110100111100101110000111110111001111101011001101010101101111001010001000111111110110100101011
110111011110.101100111100100010001110000000011010111110000001101000000100110100100110100011001111111110010011111
-1.0001000111110001110110110111101000000001011101111101111011101101101000101000110100011011001110111110111111100101
6589169.2455297668802467445006
-6.546897647367124845917335516458
-1100000000.1010000111000111000000000100101011001011010101011111110101000001010100011101110000001001101010111011101
1000.000111000110000001010010001001110001101010001100010101011000001100000011000001010100110101001010011100100101
-92068.01868537258361535404867768
54820988.9853582786582903600763
-0.011101010111010011100110110001101111110100000010010000100111000011111111110101111101101100010011010101011011101011
0.000001332789565124637223787506
-8930.438667085900437839907167109
-0.137119087447082122796459347601
-101001110100.110010111110100101001000001100100101011110001001110010011010111001110100000100001100111010100010011
2644.870288742797796648326654885
-9242100545.604147847325238203988
-216.9839543600718632167075773082
-110001101001001110.01011110101001111011001001111010011110101000101101111111110100100100101011000001101110011010011
2.638661040580578667749128757028
-70376.2158149813640215405958079
-10.11001100001001101010011110001111101000101011101110101010000010111111110010101101110000100100001101111100110111
-0.000010010100000101010011011101101000110001110111000111100101010010011110000010010001010011111101100001010010101001
-1010011011011101.01011100110000100100100110000110101001011100010110101000010111000110110000101011110110011110001
-10110111010101011.0110000001000000001101000011101110010101110011000111101001111101010010100110101101010010110101
-19958.13107193791325067123292019
1000.0100000001010000100011001010100110111111011000011111001100001110011000011010100110111100111111011101010001111
1110100100011.1001011000100101100001010011110001001010010101111001010001101100011110111000011010100110110110111001
1.250119958797699947162435561735
-101.1011011110110110110100100010001100100100110111001110011010101011011001111010010110001001101101110010111111
-0.00000010011011110000100110100011101000000110111110110010100000111001000011011010010011100000001000110100100100111111101
61445341011360.72562858373833291
110101.11101100001001100110101101110001111111101110100111101010001010000100111001101111001111111011011010100111001
4136.869312195102787719120363545
1000100110100111101011101.010111101000101111100010000100011101001111000001001110000110010000010000001011101000101
0.111101001011110000011001100010101110100010011111000000000100001011010101100011100100001010111000110001001101001
-2645.209768626566277615696623168
10.01015742563903087862877308496
-10111011101111111.000100001110111011000001110111010101011100011101110011101000101011100010100011001001001010011111
309.5210686854186316760016266759
101111011011001100101101010010.01100110010001001000001101100000000111010000001111001101000100110101100100111100101
-8.122406847714629050642973306202
65.52251498380844792508546586298
-80.78748150525369610338647851741
0.000000100111101101111000100001111101010101111001110001001011010001010011010001011000101010000000011010111001000000011
61161345.369821329325373676024
-10101100001.1010100101001110010111100000101000111011010110100000110000101100010111110111111001110100101100110111
33306639.45427753479071448504189
-10000101000101110011.000100000100011001101001001010110010000010000011110001011101000101101001001100001100001011
-1111101001001000010.01011001110001010111101100011110111011000100000001011101001111101110001000100110001101111111
-7.689975077088583812370040649904
-7351.912257549148037129730280344
-1000010110101011.0001001101011110101000101011011100101010100011001111100111111011010001000111100001011101011001
-4.520231079303659032350426349907
110011.0001010100010011011100100111000010110011111011101100011100011010001010100001100001111000010100110000101001
-0.942259593101613903936202270351
-1000.011001011010011110110001011110011111100110110010111111000100000000001011011011010000100110010100111010000101
-1.187022143094651433811266823888
10110001001100101100.10001000000011011100101000001101000010101011101010011100011011100110000010001010011011110011
137.15874959299501784441609935
1010011100111111011110010101001100100111101.0100011001111010101000110111110011000000101111001101110011001011010101
10000011110100110.100000100101011110000011111001110111001001111100001100010011100000101101010110010000001111010001
10.001101011001000001010100000100001001101000100010110001010000010001111001111001000101000111001111100001010110001
-0.0011010000111110011010110100010110111110000101001111011011101010000001000011011100111010111101010011011111111010101
-1110010011110010101001010110.1001011101100000010111001000110001011011011011100100111001110010110111111101100111101
-686348281367785221.5082313760206
11.07026436811468740731929605484
-10010100110111010.1100001011100110000010101101000111001000111000000011010010000011100011010000111100001101011111
-1000.000100011100011100101110010111011110011011101011001110101111001100001101101110001111010100011111001011011111
0.409008740536056449082784142214
-1111011001.00101000101011101101101000111110100110001111100010000100101110001000110111011100010111101110111100001
-1001011.001111000110000100100011110100101000010100001111110001111000111001010000110000010001110001111111011101
-27.11443534919951973702930909583
-100011.11010011011101111010010011010101010100010111101100111100100010010001010010000001010010000111001110110000011
-1000110.0111000010000001110110011111011101010010100001111110000100110101111010100010001110101111111111001010101001
-3.522392201773869842662057499529
1100000011101111.111111100011101100111111101100000110001011101100110010011101010001011000100000001101001101011101
28526.66690132108748876033924744
11011010.1111010100101100101110111100111100101100011000011110010011101000000000101001000111110010101001
3002593277.014479228878130936812
-1.905420686477762583315511264023
41.43417712300483563121864271419
0.085688625735434062166496186095
111.7075576244767943273907876984
22530236.73802609757358704923935
-934.3588073960840321976244107259
-4.651366736135394570381962308628
1.52448598962761993263801715044
113.5634458721851133831270961791
-3.006012379325621646674710507968
3.489801952167437512244183907533
-1.11150085676339180173093948697
-2362.394683793337664573377803446
235.7576858516976316537972886871
-8.051413265893594980755488795324
-11093862.42035428620823350009398
-1101.000001101110001110110001011010010011111010001101101101011100000000001010111010110110111000101101000110100111
-29.33923909666666461296629984067
-100011110111100000101000000000111.111101110010101101001000000001101001000011000110100010011000100011011110010011
-26.45739833447152928641221492676
2.952500937945411595308883970267
1.122317981041860165329786801078
-1110010100.0010110110110100100101000111011011001100110111110111000000110101101110101011100000111111001111010000111
-3205.508085865439058890503564826
-38329.32910223843535316973842853
0.541267373992453875580777022947
-111.00000001011000100001111100010111101000111011111111010100110111100111001011100000010010011010011110010000111
-1000110110001110011.01001000001111000011101000011100001110110100001000011000011001001011110101000011111110111101
1000110000110100.01000010111000111001010110010100111111010100110110001101000111001010101111010101110010000111111
1.856153993205138337773592464364
-10000.100000011010101110001101111100011111100011000001001110001110010011001101110010100011111000101111110101101001
-1.828691837900190053462352330274
100100011100110010110101001011.1110011010010011110111111011101111100010100000000101000111000001000010011100100111
-10.111101110100111101100011010011010110101010000001101111100100100101010110110101101111010110101010111100110011011
-1111.000100110101101101011100001011000000101011100111111001110100001011111110001100111011001011011011111110111
2147.684058767980523710301261404
50558295135797216939.28650841465
33392620334.2830721494271413683
-17725707142.09167123535257262896
-1010001111.1101001111000000011110000101001011010100101001100110111101101011011110111101001010011010011000011110001
-1101001000.1001011100100110000001000111111010011001100111111000010100011010111001010000011010111000000111001
0.055881977128460283297230645597
100.1010000001110010111000001011111000010000000111110110001000011111101010001100001011001010110101010000111011
50059903316.91161440560954422089
-9652.07910034414805553428092707
-245998.9744245369378424432545504
1.100011010110101001001111110010101011101101011100101010101001011110110111110001000000010110110110011110111011111
111111011.00100111011000011111001111010000100100110001100011111111101001110001110110000110010100101110111111010001
-11000110100.001001100011001111100111001001110010110000111111110101010100001101110110100110010010110100111010111
-100111110110011010000100011011101.10000101110101000110011000101011001001001001001101010100101010000111000001000011
268994970.2395961606910965153254
1000000.1101101010001111001011000101001100110001110011000000100111110011101111011110010111100111111000101001011001
-111001110100.1110010011011111110001011100110010010110011000000110110011001111111100000111110110011111100111011111
-0.011010101001011010101010100010101100101000110101000011111110001010101001111100001011101011010110000100100011111001
-9.926806696876467205730129304105
-1100011.000001010101001110000011010101010111001011111001010110001000111011010110111111001010011010010110000111
0.300252678842660094034444993797
0.000000000000000000000002353855
-7482110191649273.620053648375857
1011101111.1100000010011000100110111110110110110100011011101010111010100100101011010100010100111001110011001111101
-5.414084401751671683282759192117
-48102667.81588398204359700659482
10011.011000101100111010110010011100001001100010110100111000010100001111011000011010001001111111110010000110101101
0.000011091322057422471617722554
348.1353719119992322996375499922
3.542018734424327920565683105434
-101101011.01100101010111001100101011001100110001100010110010101010100011010000001010001001001000011110111000011111
-0.0000010001100111100011011011111101110100011010001100110110011101100010111100111100100001101110001001000110011110101011
-10010010.101010101110101001000010111001110101010110100000000111000110110101100110111111001001010001100110000001111
1.110000001000001011011101110001011110010001010010000111101101111000011101110010011010000110011000101101010101
-10000111101.011100101011000010000010000110110111101111101100011101110100101000111111011101101111111010010011110011
311795925709008.2386419223104615
100111110.01000100100010100011100001101001101100000100010001111011100110000101100000011100011111001011010001101001
4.014502496726407202260779014558
11000.100110111100001100011101011011111001110011110011010110011101001011000010011001110100010010011000100110110111
1.212970105840515056577527441702
101111110111.0111000000101001110000010000000100000100001001001001000111110011111010111010010111011000111001111111
-100001000101100001110111010010.11001011001111110110010011001011101010111101101100011001011111110001101110011110001
100.0101011011000110000111101111001010100001010101010010100110001101100101111110001010100010001001101111111111
111.11000100100011000111101100110010010101011111010001111111000110011101000111111100000111111110111101001010010011
-1.289917977929679394524907549416
1.823729170019064194062514117112
-0.0110101111011101110110000110111010101101001100100100011110101011010010101011011011000001001010001111010001001
-29600993113.71589623453614832696
73.02049149637565653535906459701
62.73975750115785047095879687298
1245383.391617057390147609136265
-11938.41038571457522276764248438
1001.0001001010011101001100110000111101000100100111011110100101001100011011011101101010111011101011001100001110001
7822.364547761302982740385665948
13.04239821891752771769230628047
-101101111111.1011111000010101000010110101101010000101110110110111011010100001010111001111010100100001011111000111
-11111111111111101111111000011.1110011110011101101000010110011000010110101101010100111000101011000001100011111
1.0111000001101111010111011100000111011001000001010101100011000110001101110001111000111000010111011101110001011001
-10.00010000100100011111010100010010110101000111101111001100101100011100100100000110001111001100000100101000100111
11.000000000011100001111100100001110101001001101101000000011111000100110101011001010000001011101111101110100110111
16.258746278392942919513146731
2.940545842789006637
-10001.00010111111010010001110101101011011011111011000010010110001011010010011110100110010011011001111010101111
-100101000011011011011101.1000101101000001000011001100010010000100010111111110100011001100010001100110010011110101
-28048.64140870311906290290152258
-0.359903473665777497511467433733
-645215452.4332609827505238891773
-10.99227164326058099897087192741
-8583.721354062043082523848703612
-1110100.11110100010000101000100001010100110101100001010000101101010001111001010010111101001111101001001010110001
-111101001011.01100000100111001001010110110100000010000010100010111110100010101010111111
1.51895404994061299365317776482
-10001.01000001111011100111101110100110101101010100100000011100000001110010000010101011110010111
4490124.240434975027640983696588
1000101.100111011110011010001000001100100010100100110000000110011110110111110110011000101111111010110110100111011
-1010011.0100011111110111000001110100010010001100100100001000000000100010100011010101101111001010000111100110111011
-1.240965883074798579384564492861
-111011000100010100011000010001101100.1101011011001110101000010111001001101010101011101000100001110001011011100001
1.257743206326710307182244358269
67209986.35152467070599471202782
-1.113727163077946156433377707082
136280.7417697188627640290987753
-100110111.10010000100001001001010110100110101000110100011010100111011011000001101111111110101100010100100110001
101111011011101100101111100.0101110001011010111110001110101111101100000000111000110101100101110010101000100001
11000101010.010000011001110111100111011000100100111000001110000101101100111100110100001011010000010100011000110001
1001.000001011101111101010100110001101111000110101001101101101000011011010101110001101101010110010001011000101111
-1584151509189640.403797866091486
-3.729555234786739872513784664968
-111011.10011010100011100110111010010100010111100011011010010101111110111111010100111010010111001011111100101000011
-8.169231591271486071092592621581
-101010.10000101011111001000111110110001101000111111111101010101001000101000001001100010111110100010000110101101011
-976.5445967197771258921997200681
31.30977068764432237804959667909
-11.011000101000000100010100101100000011110000110101101000111010111010000010111111111110010110111000110010110100011
-1111001001.0111000100111110011100100110101010000100011111011000101111000111001101100001110011010100100011110011001
-374.384146484799432198451146847
-2667502.30429209021680247808361
-100000100010001101110100010.10101111001010010110001110100001110111110000111100100011111100100011111000011001100101
0.10101101101010101110111011000110001110010101000110010101011101010010110100010011010001011100011010100110110001
-1100110000.110110011110100110011101010111110000100100100000111101111011011001010111110110000101101100101011111011
5455897516.662586660342885639764
1000010.0011000110110100111110001010011110111011100001111110011011010100100100100011101100111101110001100011010011
-11567.9425168345617558498471437
1011001000.01101110010011100000001011110001010111010111011101010110110101101011111100000000110000001101000111
-6.716385686362873435798328050628
2829.774029093788376765191235637
1011111110111011.010000101111101010011010111000100010111100010011001010100010000100000100010000110001001110110001
-11101100001.10101011111001101111001001011000111010100101000000000111011101110011111010010001010111010111001011111
-0.000000001000000111001001111001011111101011001110010111011111000010011101000010010001111111010010100011000110010001000001
-1000.101110110011001110011111010111001110011010110111010000000001000111110011110001100100011101100010000010010111
-11000000111000101111001011111111001101.10111100011100011011100100011111010111000001000010100001101010001111001001
11.1111001011000111000001111000101101011111100000110100010011010011000000110011011001010101000001010100110100101
240.2908640649870420115229218129
101011001.010011101100010010011111010110000110010000111111110011010001000100110101101000000100101111111001000111
-10011010.10101001110000101001011010001010001000111001111111110110011110010101101000101000101100011000001001000101
113240471197.438581642754721481
-564.947409895625788633214777891
2757.550862271720941788187512046
-5.049349036022845365201343226799
13460802501.18037887725340205486
1101000101110.1001010100001100011010110100110011010001100111001001111000110001111001011101101111101011100011000101
-58755.5036304423063867956146357
10101011101001101110.01001100110001100111000111010101111001100110100011111011001101110111101101100110010001011001
201636276.2521772487371175247517
-10001000101101.100011011100011101000010110100110111101000001011111110001000101110111111000011001101101000000111001
-0.828295477101544908181861627458
100.11111101111101011000110011011111100010000011101100101101001100111110010110000001011000011101110111000010101111
10011111000000110001.00110010001100100011011101010001100010100100011101111010000110100111000011111001010101100001
-104.1437321425645309669223786968
0.694213020444802820716135793509
75191.06818613294932222305509474
7096.567111174317241771666835792
1.698288569734069707393838474662
-9.06957189100315974662156364003
-10.000001101001000101010110110111111011001000010110001101110100000010000010000010000000001010100010010001100010001
25.38148953445509969314345259989
-0.932917398699707413789408729362
-1704.20789843691200534421036216
1111111001.1000001101011011110110100111000000100100011100001100000011000101011110011111000101000011110100010110011
11.010001111101100000011101001111110111011101001000101011000101001011110011101111001111101110001011111010110001001
-3165.62059245399119987935947586
-100010.1001010010111000101010000011001111001101000110111100100011000110010011000100001011001101001101011001111
-0.619626383453209997744518074888
-10001100110101110.01000001001001111010001110100000101101001100011000111001000100010011001011001010110110111001111
-1100110100.0001011111001111011101001100001111001011100110011010110100110111001001011001001011100110101011010000111
-0.00000000000011111000010111000000111010110001111111111011110111001001011111001010110110001010110010010011011010001000011001011
0.000000001282812782813319207256
18944.5314838606962768998391925
100.00001001001010011100111000110110001001010000111010101010011000011011010000111101010111111100010001000100000011
1000.001001110110011000111010001011010111110000010011111000011011101101101000100111010010101001100000001011001111
-11001111011.101100010011000110010000111000111011101101001100010010110101111001101000101001110110100011100111
-0.015125300803623020814570362062
1001000.111011111110100101110111000100011010000100001110001111001110101110101010100100111100011000000010100100101
-1011110100111.001101100010100000101100100101111011011101001010111000011000110001110001100011110000100111010001111
7.514179347717053206575758952929
-84.54166837187257582156946399924
4286833628993129.727223729075566
-100010101.0111010110100110111110001110011011100001100101111110111111011111110110011000110110111011110010011011101
1721229142.265449392747067843092
-111000111100.01001001010110011000011101100100100010000000011001001110010111101001011001100000100000100100111001101
1101.1110000111111111001010101000010010111110111111111011101011100000111011100001100111100011000010100101
-1.979765370003109686611446245393
-10000111110001111001010100.001001101111101100110000111110000011100110011000111101101000000100011100001101101111101
101011110111111.1000100011110100011010010000110110001111110001110010011000000000000010000100001101001101101111
66.58503621018066626243521921509
1110010110111100100100101110010101110111100101100.11110001111110101110010001001000010100000010011110100001000111
469.429237845683008199385238127
10101011110.11100001111110111001101000001001010110000000011000110100100000110010011000010100101010001011011111101
75.8240640021928471725388267375
3.411979158953103204547741692854
-100010001111010010101.01000101011100110111001111011000111101100101011110010001011010111010101111000111001011000011
0.001600397540305957387819608815
-417033666373921.9497212186825975
-11.00110100101010111011011101011001010111110110111101101101100111100100000100111110111100111101101011110000011101
-101000010.10010111111000010100001001111001010010001101011000100111000111011011101111101010111010100010100000000001
0.429869648865459801457600806831
11.92664312688265588007720594563
-11000.100111101000000100000100110111101111110000011100010100001100000000101110001111100111111000101111001001101111
110110001000.01010111110111100001001010111010101001100100100111110101111111100100000110100011010111010101101
1.708013984445469055528832406986
-1.024130561770633591949199206602
1100.001010010101010010110001101100001010011111010111011010101110101010010111010000000100001010001110010111111001
-10000011101111011000.000011110000010010001010010011000100101001011111100011010110110011011010001011111100110000011
100010110000000110111011111110101100100011111001101011011111.11010010010001101110101000001000010011110001100111111
129.273593094921284306115869527
-1001111000111110000101000010111010000010110111011100100011.0110110101100011100010000110010110010100101011110100111
1001.1001101110011111010110000101101100100101110100000011010000111000100101000000001100101000011011011101110110111
-69276.15840568645095671122675004
1.066066801546693612223082625604
-1.871650019557925371223601541683
11.00000000010111111001011000011000100011001101110011100110101001010101100001001001111100011011011111100011001
-1011110111011011001001.1111100111100000110000111000101011011010010110101111100111010001100000011001111111000010001
-100.10111100100001010111010010011000111110110000000010010000100100010000011010011110000111101001000110101110010101
-10.57397323861600968083032277653
-101111001110111000011100010111.1101110000100010001111011000001001010001000001100011010001101010101001111010101111
-13748.80039932845885423518727465
-0.596190407445349165378622983296
75948.15182462635710024107794911
111011000000110.0001010110000011110100010110001101001010101011101011101110100010111010100111110110011010001001101
6.285568084410726131398698074386
-111.10111011110111111101001000100010011010000101000110000111100110110010010101000111101011100110101010001100001101
1001.000100011110010011001101000011001011011111011010110100101100101111100111000010001011111000101011011011110001
1011010.0001100101111101010101101111011001010101000000000010110000011011010100011010000101100010101100001110001001
-0.000000000000000434984740187544
-100111101.0111111110111010111100101100011101110011011100100000001001010011100001111100010101110111110010000100101
1.0011000111011101000100111101100111000100000000000110001101010001111001101111100001011000010010000100110000011
1100010.000011110111000111111011111111010111010011111110000011111100100000001001111100110111000100101100111111
100110010111.00110100001101100100101010110111010010010101110001001011100101110110101001101100111110011001100001
11110010100111011100101111.011100101001001011011110100001000001011100110010001000011000011011111100001111100000101
-96556.00862334248209019950806118
-211824.8629880349447405144083939
0.0000010011111000100010100111101010000111010110010100100100010000010100000100101001110010101010100111010110011000000101
1111010.10010011001010111101010111111110111011111100010010100000000110111100010101001001100001001000000110100011
-0.000048421553339174635780997084
-0.00010100000000000111111100001101101000010001111110010110111100011010010110011001000011111101001000000000001100000111
-4.931107202116411614039425220914
-0.072833660001472287953143360819
110.10111011010100001100101110100000110000001010010101100101010110101111000101010010001010111011111000010111000001
1.612622266506232028552436323374
558.3332547337297692101465242284
11100000010.111111010000110110110011100001110100110010010111101011001101000100001001000101011011001100010011111
110000010.10001111101011011110000001010110001001011100010100111000110100111100010001101010011001011001111110110111
-240596.3220737643676504248513019
-0.000197153725207728498226483974
101.11100100010001001000001011110100111011000010011010101000001011001101011100011100010111011101110011111111110011
1100100011001110001011100.0110010101000001010010110100000001001101110100101111000000111000100101000010010101110111
110011111111.01111111111001010000001101101001111011000100001101010010101111100101001110100110110101110011110110011
100000001.01100101100010000101001101001000101100000111111001001001100110000110000000000010000000010100001001111001
51.64264452643570186524827198201
-175.154119330347695552410388406
0.048117940944182995380575235458
16304.27141660104813363809890547
-1001101111110101010101111101001011001.001000101001110000111000110101100011101000010111111101110011110000111110101
-1.867715044176810373912692837084
1111100010.0101100011000001101100100001101001011101001100111011011011110110100100101001100101101111111010101011001
-310501.9582925807057558064895905
1.0093182037267093788409730037
-6452057501.016797429806339603979
-2.408105134782527287700896033303
-1.333897092511984697437380324425
-23.72922064093688001543309973318
1010111.0000000110100000010110001111100001100101101001101011100110001000000000011111001110001010111010000000100001
-7.986918074497255250234810050082
1100010100000110.0010001010001011011100000001000001111101010100010111011000011011101001000111001110101001100000001
1110.000010010011011100101101011010011001100101111010011110010100011110000100001111010000110110011000100011101
10010111000.10010100010000010110000011101001010011100010000100100011000111001111001110011010000111001101100111001
-1110101111001.0110011100101010100011111000000001111100101111001100000011010000110101011011100101100100001110011001
-1100010.1111000011100000101001011001000100000011000010000100100111010011110101101111011001110111110110000000001111
110010101.10101010011101001101000001100011010110010110101001000000011111000001100111010010111110010110100111011111
-1010.1100100001000100011010011000101000110001100001000100000100100000001010001010111111001001011010110010010001101
11100.000001110100101000000101011011000001011010011101111001100011011011000000101000001101011101110010110101101001
-485.0145120598707196291066168214
-110011.00010000110010111000011111000000000011001100010111101010010101011000100011101101110011100101001110000000011
-85.38067996121848054760774451856
3.522215798624549014753253773985
14502.43661158024113501705617299
100000011.0010010101111110110111011110001110101001111111110011010101001001001100110101001100110100001010000101001
54.28019863750955600635058267207
-693033.6241569459371438679651472
266821.7497470984039969666453905
-194690.1437750999846284407880712
5286322873283.055158837002111249
110111.00010100101111011000010101100110111100001010010110010100010100101001000100000011110000100101000111101011011
1110.110111010011100111001000000110110010000100101100010110110000010101110111001111101010011100010101001010100101
-31.00187524939800602143292958958
-1.242866813239914686733181812834
1001.110110000000011010011101010100111111011111011100110011101011100000100100000100110111010011000011100001010011
0.10100100111001111000110010011010101111000101001000111111110100101100010101010111011011110111111100101111011001111
0.10491969382754879387785407193
126.7817764610544465609741003587
-0.000027040034997662984251288804
918934089890.6089896600806321202
992698230.7631164959052148896517
-10.111111000100001001001010111100100110111110000001000000011100011010111110011000101011110101101110100011000011
-1.498146618443558245563665429356
-25.71107028464218117221064043214
-100000100000100010000010000001010111000110111.10110001001010001111111100101110001101001110011110011001110101110001
-2508.475552686438548141631106909
1.774478261852004451109816345377
11110111000.11111000010000000101001111001110000011011101000001110100111101011001101011110111110111001000001111
-111.0110101010010000010100100111001000100101100100100101100110010001011011010100100111100101010111100111010111
-1001010.0111000111000100100001011001101010111001110110011000000100011010001100011110101100101100000100000101000111
110.1000010100000010110110011000111110001010001011011001100101100101001100010110011010101101001001001101111000001
27.66619029411401575033646778323
-1011.1001111101100100101110110110110010111010001010001110000000010110100010101010001001000101100001110010011001101
-780.3027551162831659153782163263
-31.27491263694240389919487773969
-110.1100010111000100010100101011001101001011001101110111101010100101000111000101100001010111000111100010010111111
98.38640997112289626666668652685
-3.277633450632440038397479454607
1001100100100100101011.0101011001010010000111010011110000000011100111100111000110001100001101010101000011010101111
-11.110111001001001100100110011111000101001011100011111110111000010011010110101111101100110000100001000111011100101
1101983.291946443637992294727164
-10.0110010100000001110010101010001001010001100101101111111111011000110111000010001111111110011110100100000011
-294890592530948266383651.9010136
0.3392767517500139257072300113
-0.000000000001111100101010110110001110100001011011010100001100011010101101000100000110101101011100110101111000111110000100001
-4910.514092630505111582942437649
-10.11011011101110100100001111011100000101010011010001001111110011010010101000101110011111110000001000100010101111
1000010101110110010010011001.11111101001111000010000111101111001111100001000011011100110001110001010111010011101
-110.0101010110001110100101001101110100111000010101100100100100111111111011111010111000000010111100010100100010001
1100010101.100010111110101001010001001110010100000011001011001100010100100010100010110011101111010101000110111
6022630940.61401631699398728014
-0.10100000001011111010101001010111101100001110011001011010110011111111100100111000101001100010100010101011100011001
-2316408530610.262533686350928011
2.303317020447767430344241892158
100101101001.11011110110100111010010100000110100000101111001010100011011010000111111011110011010100110111011110011
-1010111.10010011011000101000111010011000000000000111110010000000000000011111010101111110110100110001001100000111
-10.11010100110010010010011011010001111000000101101100010111110111001010011001111111100001010001101000100101001101
110.1111110011000101010011111000100110010110001110000010010010111010110100001100101110000110110111111101111010001
11111010110.00110100101000000111111110111111110010010110100000011011001011001000101011010111011110000010111
10010011000000011001001.10101010100011100010110101100100001010101101011100010000101001110110011100000011011100101
-10.57328694501800697038926582182
-2.822495857153609362132122891002
2.040958010298148688921631316068
-1000000111000.0001000000100110100101100010110100100010101010101101010001000100010110100110000011101011010001011001
-11111110000001.110001011111100111101111010011001011010001110011110101110010100101101111010100110110100110100110101
111.110010001011011010110100101110100111010110100100000010111110111101111110100001010001010110000000101000100011
100.10101101101101111010111101000000101000001101001010011111000101110100100110100100001010111000111111101100011
-13050223188826759218.33177372978
-1101.11011000000110101111001110111111010101101000100110011100001100100111011001111011010001010001101000110010101
-1100100.0001101111011100111000000101000111101001101001101101000100110000000111001111110111001110101010011100001101
-11010.110011010010000011101110011011101011101110001111101111101110101010010110110111011010010101011110000111011001
-1010011010110101101010111101011100100110.100010101100100110000011000001010011000010100100000110111000100110011101
-1010100100110.0101001110100100111001001101010001000000001011010001001011111001101100000000111101001001001010101001
2.333859298000943627620249862709
10100111100100000.01010100011110000100110101010001110111001000100010101101001010100010011011000111010111011001111
8589.853763207507624739360450658
0.019229151960319457910198040581
-110001.01000110110000000111011001000000100101000011011110110101111000101001010101010000011001000010110011000010001
-1985.490998767347162318053034455
10.101011100110101110000100000101111011010001111000101001010111101011111100110111001000000101001111100111100001101
1110001.001001011010110000010011110100100111111101000011011100111110110001110110000010000001101111000100101011
3347609.747877447523157569159928
-1.568833869858589168332329277385
-111101101.0001010110101000010110000111111010110000101010000111110110010011011101100000010000110111010000011
47525.79616815817782069982018685
68828355.07968293243784262805837
-1000011.101101010110101001011011000000000010010010100111010110110110001001110110010100111101101110010111100101101
1100100101110000010.1000101110010000011100101001011001000000101110110001011010100101011100001000000111000011101011
105.1673845815873380195315522911
-10111.010000111001111010110000110100000000011110101110101111000000110110010111110001010010001110010111101010011001
-0.004021956747943378051751055144
0.0000000011101101101100110000110011010001001000111001011100110001011110010010001111110110011110101111100111001100101011
-1000.10011000010100001100011010001101011000011111001010011110100011011100001111010101101110111100010101110001111
-0.1001010100100100010010010010010011000000100110010010110010110100101101011000010111011011100111111001011010110101
0.000000139631946410444276839452
578.3668935127307169772395479289
-110000111011.1110110110100111110100110101011000110010110001000011011001010101100100101010010011100010011101101101
-8866954402035.134873774058259201
-0.00010110110100111110011001100101101101011011111010010110110101110111100111011111011111000100101111010010101010110101
10001.10100110111110100000101111000001111010110010000010010001111010110100111101010111000000101010011101110101101
899464.6533639076032795843558041
1.010111000110001101110010101000010011100001010011011011000111010110000000010011101001010010010001011110111001
571619879085.9539788300774152165
0.318163921686172568357700735191
9760.980273820651478951708629523
98.4793511246834496445425238593
-3.532896209884615028596880621952
1.599836801890178402408625236946
-1110100100111.0110101110101001000111101010011100111011001110000010010011111101101110110010001000110011111000010111
-11001.110110011001000110111111111000101100111010010101110000100001011001010000000100100011100001010101111001110101
-101000.10100100001111000111011011011100011110101100000010101000111101011111011010100001011001101000100100010101001
-1000000000000.001100110010111110010111100010000010001010011011010001101010001001110110001101100100111100100000101
-1010001.1101101101010010010111010001110101000100010101010111001011110101111111111001010101011011010000011100101101
0.00041936291561097124768238479
8694271.045490514533311504606243
-1110110000010101111000100000111010001000000.001111101001101001111000011101001011111001111000001100011101100101101
-207.7819478190053055880071630082
3.91777148219901642707253840246
-0.000010010010000110101010011001011010010010100100111101101011011100011100011110110111011101111000010111011000101001011
-3.448234686955012218664146992547
-429.6987269411651254855267915601
4115791494.184206549063011364398
-1110001110100111110010110100000000111101000101101111010111110100100000001.101111111010001110000100010010011011111
-7.243131972933831686171232042994
7790.10916950650882
-11.01110010111100110000001000100011100010110001100011101001101111100011010001000100010010101111000101101001111111
0.000000131954573025656165947003
-29.79224126650802452271545422199
110001111100110.11011111101001111000011011011111110101001101110010010110011100110110010111110001101101000000000101
1011011.0100000111100111100010110100010010110111110111101010010100100110111011001011111001000011101010001000111011
275.2141858328356064586811825085
-74025576.82812042072071005462129
4.959889326746935071024555878941
-101011001000110000001111011.0100000010110110111111000000001110000000111101010001010001010110110100111011001111
7.952535109211251047819628723767
371.295155666147984923608849558
1.687102429333098139451450013386
0.000011110111000010101111110010011110001000010010100100000011001101110100101011111010111101101011100011100101110000111
167605040.308928803866498810933
-48790602.31497331793964800844568
110011100111000111011.0101000011101110000000011000001010010110101111100011101100110011001100100110111110010101
497007919.4666999255180241192886
-647025275.5304392617015815591704
100000110000000011111111101100101.01111111100100010101001110001111000001100011001101000011111110111110001010100001
-1011110100.0000011101100101001111010110011010000111110101101011001000101101100011000101101111000101010110111100011
-1.744878113338966945440123251885
9.934484790073648530456996925465
-3.431134986719200320514417235878
-428706.9674468274195763469300428
-10011110.010111000111010011101111111011010100010110001110110101001010011001010011011000011000101011011001100111001
10000000101100111101110110100100.111010001100010010000001110001111000010001110111101011100011011111000001000011011
10.11011010100000111000011010000010010000110011001101111010111110110111101000111111010111011010111010011001000101
110.011111001001000100100110011000100111101110000101001111001100111000101000001000010100111001101101110111011
